7547224
7547638
7553631
7567834
7571905
7577475
7585515
7597059
7607688
7640222
7658781
7677139
7707420
7731724
7794027
7837392
7874485
7880596
7891762
8091231
8524414
8533757
8541881
8547394
8548703
8570617
8573446
8573465
8589722
8589730
8603826
8605112
8610259
8614840
8616762
8616837
8630282
8640235
8640236
8640237
8644738
8665505
8672861
8672929
8673089
8673090
8673091
8673092
8678487
8682513
8684125
8695152
8700550
8705994
8706004
8709940
8710380
8715465
8722746
8724215
8751855
8758903
8781411
8787076
8808615
8812419
8825930
8827021
8840963
8840967
8841191
8841192
8848674
8863152
8875189
8879357
8880869
8881452
8894635
8895509
8898735
8909313
8917547
8932343
8949022
8950667
8968085
8971464
8976125
8976406
8987214
8988162
8988179
8989632
8990217
9002670
9005288
9012404
9016727
9017003
9018120
9033168
9038264
9042907
9042909
9061278
9063749
9063750
9078291
9090474
9090499
9091675
9102202
9115959
9118561
9119389
9126738
9127359
9133444
9133456
9134530
9140390
9145676
9145678
9148160
9150148
9150150
9150152
9150153
9150154
9150155
9150156
9150172
9150174
9156281
9164266
9167459
9168997
9171368
9173760
9174054
9192668
9205116
9207100
9214724
9217187
9217624
9221812
9228974
9238812
9241077
9242436
9245992
9250353
9266108
9274127
9288771
9290954
9296070
9316177
9321770
9324551
9360844
9361038
9361585
9365162
9367693
9370070
9383000
9389568
9400936
9400938
9401091
9405383
9407954
9407955
9408754
9411474
9414390
9415688
9417922
9418320
9421204
9429140
9438601
9438603
9440762
9443863
9443984
9450858
9450863
9454883
9460988
9465809
9466696
9467939
9475087
9484622
9484819
9484837
9497100
9497246
9500438
9500439
9504233
9504681
9507390
9508180
9509070
9509273
9513726
9528858
9529600
9530348
9534190
9537001
9537225
9537231
9537232
9538124
9538156
9544851
9554557
9555128
9556788
9560268
9570347
9579377
9579428
9581822
9583687
9585613
9585617
9586400
9586873
9586874
9586917
9605638
9605646
9605807
9608069
9608246
9609997
9616288
9616736
9616738
9616739
9616755
9619832
9619837
9622070
9624249
9625424
9633840
9634504
9638266
9643283
9644442
9646036
9650154
9652611
9652743
9652774
9653432
9654203
9661879
9662340
9665137
9665145
9665148
9667259
9667663
9669814
9674510
9679245
9679765
9679991
9683359
9690990
9691806
9698609
9699640
9700175
9701363
9708796
9718599
9724085
9735416
9737787
9742920
9743298
9746681
9746686
9752288
9759367
9761393
9766673
9774970
9778168
9778625
9781026
9781057
9781655
9785966
9788557
9788724
9790407
9790802
9792861
9796697
9800471
9802263
9802270
9802282
9806548
9806612
9808526
9811469
9811893
9815295
9815575
9818066
9818226
9819477
9824164
9831109
9832031
9832896
9836472
9839517
9839523
9840523
9840533
9840915
9842965
9864413
9865716
9890178
9891229
9892109
9893652
9894790
9916952
9917577
9927063
9928476
9928546
9971877
9973246
10023017
10023316
10029077
10030809
10037104
10063581
10064397
10066082
10070314
10070953
10071299
10077730
10078939
10080590
10080618
10087939
10090482
10090881
10091212
10098775
10188308
10188893
10189988
10189990
10193332
10193517
10197592
10197594
10200350
10202133
10203282
10203660
10204401
10205272
10206068
10206407
10206409
10207643
10210766
10213514
10214508
10215036
10221342
10227398
10229196
10323242
10326698
10326710
10333246
10334549
10337719
10337991
10337994
10340383
10343884
10344217
10344722
10352130
10353781
10354832
10356923
10359546
10362364
10362365
10363970
10363992
10367417
10369075
10372578
10373498
10373512
10375022
10377759
10378346
10379868
10379873
10388011
10388122
10388131
10389980
10396383
10398279
10398429
10399947
10413426
10413427
10417300
10422801
10428326
10432928
10433620
10435598
10435912
10436774
10436775
10436789
10441598
10446958
10446988
10447004
10448115
10449599
10450858
10451451
10451452
10451700
10458128
10461066
10463575
10463981
10464609
10464624
10464625
10464630
10464631
10464632
10464641
10464643
10467410
10471529
10472776
10486320
10487631
10489161
10491526
10493508
10495420
10495568
10498392
10498873
10502719
10505028
10506595
10507777
10511599
10518303
10523726
10526669
10531007
10539900
10545425
10550129
10550133
10550164
10551859
10557089
10558858
10559788
10560359
10570174
10571946
10572557
10573018
10577927
10577940
10580847
10584720
10586331
10592755
10593998
10595253
10595255
10595259
10595277
10597198
10601383
10601558
10602489
10603460
10609497
10612493
10612497
10615237
10615239
10620440
10630170
10630175
10630176
10630177
10630183
10630184
10630641
10637076
10638982
10642429
10644434
10652533
10655892
10659732
10660329
10662541
10665131
10665701
10667468
10667595
10668499
10671920
10673337
10674021
10675491
10676562
10682665
10690392
10693180
10696733
10697185
10697533
10699917
10704738
10706125
10709098
10717617
10717622
10718491
10724455
10728701
10730478
10731589
10732451
10733239
10733923
10739756
10741697
10744124
10749118
10752678
10753214
10753787
10755396
10755399
10757645
10762009
10762542
10767628
10767783
10769725
10771370
10782928
10785486
10788334
10790213
10793087
10794360
10794482
10794806
10797254
10797299
10797419
10797590
10799749
10800284
10802899
10805949
10805950
10805951
10807385
10807537
10807692
10815696
10818594
10818710
10819531
10819532
10819533
10819534
10819535
10819537
10841315
10843985
10852372
10853463
10854487
10854492
10854945
10856109
10859009
10860223
10861460
10862052
10862837
10865683
10866028
10874312
10882856
10882858
10883018
10885351
10885601
10889864
10893664
10894872
10896846
10899649
10901363
10901555
10904085
10911419
10918303
10919637
10919664
10921314
10926794
10929847
10942534
10944226
10945492
10946349
10952097
10952777
10954253
10957681
10958937
10961992
10962444
10962578
10963002
10963680
10966850
10968458
10969800
10972993
10976398
10978226
10978364
10980621
10985881
10989983
10995809
10999050
11003560
11004669
11004687
11006407
11013276
11013445
11018378
11030417
11034064
11034101
11034530
11036113
11039575
11044354
11044356
11044644
11045219
11056688
11060330
11060334
11060335
11060336
11060337
11060338
11060339
11062481
11063672
11063725
11064350
11069416
11070646
11072151
11073541
11075991
11076055
11079159
11091606
11091610
11091655
11091690
11092370
11094304
11097234
11100717
11102977
11102978
11102986
11103373
11103814
11104455
11104623
11106241
11108640
11113439
11118465
11121624
11123866
11125943
11126365
11130383
11133358
11139248
11139249
11139324
11142757
11142766
11145091
11149425
11156380
11156531
11158174
11159737
11161375
11161856
11164320
11169568
11170288
11170890
11170903
11173152
11175491
11178982
11179017
11180447
11180449
11180585
11180605
11180606
11181654
11185744
11191790
11192759
11196174
11198956
11200774
11205230
11207040
11207041
11207042
11207349
11207365
11208888
11216667
11220657
11221545
11237395
11237519
11239455
11239456
11239752
11239959
11240689
11242102
11248061
11250674
11250679
11250680
11250681
11250682
11250683
11250694
11250722
11250724
11250747
11251173
11251181
11257103
11257104
11263928
11263938
11263939
11267991
11270897
11278964
11284038
11284040
11291047
11291049
11291558
11295099
11304778
11305950
11306454
11306499
11307153
11311599
11313963
11314429
11315716
11329055
11331335
11332051
11334729
11336395
11340631
11340759
11343781
11343905
11351262
11352312
11352856
11352857
11358831
11359068
11371136
11373105
11376695
11377596
11380364
11385254
11388059
11389159
11391658
11400119
11400546
11401920
11403219
11405179
11406561
11410366
11410514
11425271
11426450
11428289
11429050
11431357
11433401
11433530
11434878
11436123
11436293
11437066
11437399
11440995
11443730
11447276
11447881
11451557
11452040
11452363
11453973
11454686
11461078
11462232
11463009
11464240
11466700
11474660
11481082
11481359
11486176
11490843
11493753
11495820
11495821
11496330
11497291
11498834
11499060
11499181
11499690
11501577
11504767
11505391
11505617
11507721
11512557
11516927
11522269
11524552
11525763
11527694
11529589
11532935
11535547
11535704
11545685
11550149
11550168
11556836
11560980
11561603
11562114
11562179
11562180
11563941
11566341
11576847
11577167
11581185
11584901
11593433
11595708
11597317
11597326
11597388
11598149
11602572
11605067
11606101
11668223
11673408
11673680
11683778
11685871
11689286
11692153
11694257
11694309
11694875
11695073
11698567
11707511
11710835
11710890
11714026
11715007
11720845
11724291
11729945
11733071
11734330
11737473
11745474
11748305
11748848
11750104
11754111
11755544
11756561
11756754
11757317
11759816
11765398
11766142
11766733
11768609
11781689
11781691
11784554
11785296
11786575
11786581
11788883
11792833
11793480
11795442
11801872
11802208
11802209
11807777
11807889
11807980
11809701
11812082
11812938
11815404
11819494
11822793
11830610
11832208
11836363
